Result for the SVC on the Abalone dataset with the following specification:
SVC(C=1.0, cache_size=200, class_weight=None, coef0=0.0,
  decision_function_shape='ovr', degree=3, gamma=0.001, kernel='rbf',
  max_iter=-1, probability=False, random_state=None, shrinking=True,
  tol=0.001, verbose=False)Classification Report:
             precision    recall  f1-score   support

          3       0.00      0.00      0.00         1
          4       0.00      0.00      0.00         6
          5       0.00      0.00      0.00        20
          6       0.00      0.00      0.00        19
          7       0.00      0.00      0.00        46
          8       0.00      0.00      0.00        62
          9       0.15      1.00      0.25        61
         10       0.00      0.00      0.00        47
         11       0.00      0.00      0.00        51
         12       0.00      0.00      0.00        35
         13       0.00      0.00      0.00        19
         14       0.00      0.00      0.00        14
         15       0.00      0.00      0.00        12
         16       0.00      0.00      0.00         6
         17       0.00      0.00      0.00         6
         18       0.00      0.00      0.00         1
         19       0.00      0.00      0.00         4
         20       0.00      0.00      0.00         5
         21       0.00      0.00      0.00         1
         23       0.00      0.00      0.00         2

avg / total       0.02      0.15      0.04       418
Confusion matrix:
[[ 0  0  0  0  0  0  1  0  0  0  0  0  0  0  0  0  0  0  0  0]
 [ 0  0  0  0  0  0  6  0  0  0  0  0  0  0  0  0  0  0  0  0]
 [ 0  0  0  0  0  0 20  0  0  0  0  0  0  0  0  0  0  0  0  0]
 [ 0  0  0  0  0  0 19  0  0  0  0  0  0  0  0  0  0  0  0  0]
 [ 0  0  0  0  0  0 46  0  0  0  0  0  0  0  0  0  0  0  0  0]
 [ 0  0  0  0  0  0 62  0  0  0  0  0  0  0  0  0  0  0  0  0]
 [ 0  0  0  0  0  0 61  0  0  0  0  0  0  0  0  0  0  0  0  0]
 [ 0  0  0  0  0  0 47  0  0  0  0  0  0  0  0  0  0  0  0  0]
 [ 0  0  0  0  0  0 51  0  0  0  0  0  0  0  0  0  0  0  0  0]
 [ 0  0  0  0  0  0 35  0  0  0  0  0  0  0  0  0  0  0  0  0]
 [ 0  0  0  0  0  0 19  0  0  0  0  0  0  0  0  0  0  0  0  0]
 [ 0  0  0  0  0  0 14  0  0  0  0  0  0  0  0  0  0  0  0  0]
 [ 0  0  0  0  0  0 12  0  0  0  0  0  0  0  0  0  0  0  0  0]
 [ 0  0  0  0  0  0  6  0  0  0  0  0  0  0  0  0  0  0  0  0]
 [ 0  0  0  0  0  0  6  0  0  0  0  0  0  0  0  0  0  0  0  0]
 [ 0  0  0  0  0  0  1  0  0  0  0  0  0  0  0  0  0  0  0  0]
 [ 0  0  0  0  0  0  4  0  0  0  0  0  0  0  0  0  0  0  0  0]
 [ 0  0  0  0  0  0  5  0  0  0  0  0  0  0  0  0  0  0  0  0]
 [ 0  0  0  0  0  0  1  0  0  0  0  0  0  0  0  0  0  0  0  0]
 [ 0  0  0  0  0  0  2  0  0  0  0  0  0  0  0  0  0  0  0  0]]
Execution time: 0.8255507946014404